CERCA CERCASEL CALIBRE 6
2.50 2.50 1227.01
2.00 2.50 1016.71
1.50 2.50 748.78
1.00 2.50 511.48
0.63 2.50 374.39
0.35 2.50 273.24
CERCA CERCASEL CON PRIME CALIBRE 6
2.50 2.50 1475.84
2.00 2.50 1171.23
1.50 2.50 846.02
1.00 2.50 700.54
0.63 2.50 452.69
0.35 2.50 300.33
CERCA CERCASEL GALVANIZADA CALIBRE 6
2.50 2.50 713.38
2.00 2.50 588.72
1.50 2.50 436.75
1.00 2.50 318.45
CERCA CERCASEL CALIBRE 6 CON PUNTAS SOLDADAS
2.50 2.50 1425.60
2.00 2.50 1206.36
CERCASEL INTERNA
2.05 1.10 658.51
CERCASEL C4
3.00 2.50 2634.41
2.50 2.50 2212.15
2.00 2.50 1769.04
CERCA MARINA
2.50 2.50 1767.01
2.00 2.50 1448.71
1.50 2.50 1072.79
1.00 2.50 727.48
CERCA MOVIL
2.00 2.50 720.04
CERCASEL DOBLE
2.40 2.50 1350.95
2.00 2.50 1139.93
1.60 2.50 928.94
1.10 2.50 717.92
1.00 2.50 605.26
CERCASEL DE SEGURIDAD
1.50 3.00 886.03
