PORTON ABATIBLE CERCASEL UNA HOJA CON CHAPA
    1.00 1.00 3984.20
    1.00 1.50 4379.90
    1.00 2.00 5381.92
    1.00 2.50 5778.11
    1.00 3.00 6620.12
    1.00 4.00 8463.71
    1.50 1.00 4293.84
    1.50 1.50 5170.56
    1.50 2.00 6288.69
    1.50 2.50 7112.42
    1.50 3.00 8307.99
    1.50 4.00 10090.14
    2.00 1.00 5204.64
    2.00 1.50 6178.23
    2.00 2.00 7708.01
    2.00 2.50 8678.25
    2.00 3.00 10474.13
    2.00 3.20 10810.72
    2.00 3.95 12974.37
    2.50 1.00 5949.62
    2.50 1.50 7147.46
    2.50 2.00 8814.10
    2.50 2.50 10178.22
    2.50 3.00 11848.69
    2.50 3.20 12441.11
    2.50 3.95 14837.73
PORTON ABATIBLE CERCASEL UNA HOJA CON PASADOR DE MANO
    1.00 1.00 2235.36
    1.00 1.50 2347.12
    1.00 2.00 3081.80
    1.00 2.50 3852.23
    1.00 3.00 4694.24
    1.00 4.00 6163.60
    1.50 1.00 2368.53
    1.50 1.50 3244.88
    1.50 2.00 4175.69
    1.50 2.50 4999.42
    1.50 3.00 6007.88
    1.50 4.00 7790.02
    2.00 1.00 2809.67
    2.00 1.50 3690.99
    2.00 2.00 5220.77
    2.00 2.50 6003.89
    2.00 3.00 7799.77
    2.00 3.20 8189.75
    2.00 3.95 9925.77
    2.50 1.00 3462.39
    2.50 1.50 4660.23
    2.50 2.00 6456.99
    2.50 2.50 7503.86
    2.50 3.00 8987.21
    2.50 3.20 9436.56
    2.50 3.95 10441.85
PORTON ABATIBLE CERCASEL DOS HOJAS CON CHAPA
    1.00 2.00 6291.48
    1.00 2.50 6736.13
    1.00 3.00 7570.24
    1.00 4.00 9295.46
    1.00 5.00 10422.69
    1.50 2.00 7576.73
    1.50 2.50 8569.18
    1.50 3.00 9425.27
    1.50 4.00 11726.08
    1.50 5.00 10061.91
    2.00 2.00 9286.75
    2.00 2.50 10455.72
    2.00 3.00 11717.64
    2.00 4.00 14219.84
    2.00 5.00 16308.80
    2.50 2.00 10619.40
    2.50 2.50 12037.91
    2.50 3.00 13599.81
    2.50 4.00 16792.63
    2.50 5.00 19004.02
PORTON ABATIBLE CERCASEL DOS HOJAS CON PASADOR DE MANO
    1.00 2.00 4104.16
    1.00 2.50 4641.25
    1.00 3.00 5204.82
    1.00 4.00 6975.13
    1.00 5.00 8248.91
    1.50 2.00 5481.85
    1.50 2.50 6023.40
    1.50 3.00 7012.96
    1.50 4.00 9160.12
    1.50 5.00 10061.91
    2.00 2.00 6064.63
    2.00 2.50 7007.93
    2.00 3.00 8229.31
    2.00 4.00 10994.41
    2.00 5.00 13762.34
    2.50 2.00 7328.61
    2.50 2.50 8364.45
    2.50 3.00 9497.16
    2.50 4.00 13624.95
    2.50 5.00 15511.36
PORTON CORREDIZO CERCASEL UNA HOJA
    1.00 3.00 8383.17
    1.00 4.00 9345.50
    1.00 5.00 10809.74
    1.00 6.00 12735.45
    1.00 7.00 14652.70
    1.00 8.00 16826.81
    1.00 9.00 18917.93
    1.50 3.00 12251.02
    1.50 4.00 13988.20
    1.50 5.00 16485.33
    1.50 6.00 19473.11
    1.50 7.00 21941.83
    1.50 8.00 25876.17
    1.50 9.00 28471.85
    2.00 3.00 16543.71
    2.00 4.00 18688.02
    2.00 5.00 21730.01
    2.00 6.00 26319.91
    2.00 7.00 29912.04
    2.00 8.00 34197.13
    2.00 9.00 38964.01
    2.50 3.00 21651.87
    2.50 4.00 24846.06
    2.50 5.00 26886.18
    2.50 6.00 32120.79
    2.50 7.00 33403.48
    2.50 8.00 38276.09
    2.50 9.00 43076.73
PORTON CORREDIZO CERCASEL DOS HOJAS
    1.00 4.00 10023.01
    1.00 5.00 12491.21
    1.00 6.00 15083.22
    1.00 7.00 17600.67
    1.00 8.00 19941.87
    1.00 9.00 22730.62
    1.00 12.0 23562.15
    1.00 14.0 26223.45
    1.50 4.00 15085.87
    1.50 5.00 18707.83
    1.50 6.00 22477.02
    1.50 7.00 26216.08
    1.50 8.00 30093.34
    1.50 9.00 33996.70
    1.50 12.0 35489.78
    1.50 14.0 39289.79
    2.00 4.00 20150.48
    2.00 5.00 24979.83
    2.00 6.00 29958.00
    2.00 7.00 34875.06
    2.00 8.00 40158.24
    2.00 9.00 45220.44
    2.00 12.0 46783.26
    2.00 14.0 52318.73
    2.50 4.00 23320.67
    2.50 5.00 29321.72
    2.50 6.00 35514.01
    2.50 7.00 41264.69
    2.50 8.00 47225.17
    2.50 9.00 53045.58
    2.50 12.0 63710.81
    2.50 14.0 75638.55
