POSTE CERCASEL (2"X2" CALIBRE 14)
    3.00 365.60
    2.50 326.28
    2.00 256.37
    1.50 200.41
    1.00 146.42
    0.70 101.80
POSTE CERCASEL CON PRIME (2"X2" CALIBRE 14)
    3.00 435.42
    2.50 391.46
    2.00 307.45
    1.50 236.79
    1.00 172.80
    0.70 116.63
POSTE BAYONETA (2"X2" CALIBRE 14)
    3.00 427.39
    2.50 369.42
    2.00 335.37
    1.50 265.45
    1.00 207.49
    0.70 148.19
POSTE CON PLACA PARA TAQUETEAR (2"X2" CALIBRE 14)
    2.50 448.65
    2.00 414.60
    1.50 344.68
    1.00 286.72
    0.70 234.73
